1004
1006
1009
1011
1012
1015
1019
1021
1022
1023
1024
1026
1027
1029
1036
1037
1038
1040
1042
1048
1051
1052
1061
1063
1064
1065
1066
1068
1070
1071
1073
1077
1082
1084
1085
1087
1088
1089
1090
1092
1093
1094
1095
1097
1098
1099
1100
1112
1141
1200
1241
1242
1246
1280
1386
1419
1463
1561
1598
1703
1704
1865
1887
2078
2152
2256
2277
2463
4241
4242
4243
4247
4248
4249
4250
4259
4262
4265
4266
4268
4270
4271
4272
4273
4274
4276
4277
4278
4279
4280
4281
4282
4284
4285
4287
4291
4294
4295
4296
4298
4299
4300
4301
4302
4303
4304
4308
4309
4311
4312
4313
4344
4349
4350
4352
4354
4355
4356
4357
4358
4363
4364
4365
4369
4370
4375
4376
4377
4382
4391
4392
4393
4394
4395
4396
4397
4406
4408
4409
4410
4411
4412
4414
4415
4416
4417
4419
4421
4422
4424
4425
4426
4429
4430
4431
4432
4434
4435
4437
4438
4441
4442
4443
4444
4445
4446
4447
4448
4450
4451
4452
4453
4454
4455
4456
4457
4458
4459
4460
4461
4462
4463
4464
4465
4466
4468
4470
4471
4472
4473
4474
4507
4508
4511
4512
4513
4514
4517
4518
4519
4520
4521
4522
4523
4524
4525
4526
4527
4528
4529
4531
4534
4537
4541
4542
4563
4566
4570
4583
4585
4588
4589
561
606
609
612
626
628
639
642
644
652
681
683
686
687
690
691
699
700
701
703
706
707
708
709
713
719
722
728
730
731
739
742
748
749
753
755
756
757
760
763
765
767
775
778
779
781
782
783
788
789
791
794
795
797
798
804
805
816
817
820
821
825
832
833
837
841
851
852
853
855
858
860
862
865
866
869
872
876
883
893
896
897
898
900
905
911
913
914
915
921
926
937
947
950
951
955
958
959
965
969
974
975
977
981
984
989
990
992
994
999