10000
10001
10002
10024
10025
10026
10028
10031
10032
10033
10034
10036
10037
10038
10039
10040
10041
10042
10044
10045
10046
10047
10048
10049
10050
10053
10054
10056
10057
10058
10060
10061
10062
10063
10065
10066
10069
10070
10075
10077
10078
10086
10087
10088
10089
10090
10094
10095
10096
10099
10100
10101
10103
10104
10105
10106
10107
10108
10110
10111
10112
10113
10114
10115
10116
10117
10118
10119
10120
10121
10122
10123
10124
10126
1015
10160
10161
10162
10163
10164
10165
10166
10167
10168
10169
10170
10178
10181
10183
10185
10186
10189
1019
10204
10205
10206
1021
10210
10211
10212
10213
10214
10215
10217
10218
10219
1022
10220
10221
10222
10223
10224
10225
10226
10227
10229
1023
10230
10231
10232
10233
10234
10235
10236
10237
10238
10239
10240
10241
10242
10243
10244
10245
10246
10249
10250
10251
10252
10253
10254
10255
10256
10259
10260
10262
10263
10264
10265
10266
10267
10268
10269
10271
10272
10273
10274
10275
10276
10278
10279
10280
10281
10282
10283
10285
10287
1029
10290
10291
10294
10297
1030
10300
10302
10303
10304
10305
10306
10308
10309
10310
10311
10313
10315
10318
10320
10321
10322
10323
10325
10326
10328
1035
10361
10362
10365
1037
10370
10371
10372
10373
10375
10376
10377
10378
10379
10380
10381
10382
10383
10384
10385
10388
10390
10392
10396
10397
10398
10399
10402
10404
10405
10408
10409
1041
10410
10411
10412
10413
10414
10415
10417
10418
10419
10421
10422
10426
10427
10428
10430
10431
10432
10433
10436
10437
10438
10440
10442
10443
10444
10446
10451
10452
10453
10454
10455
10456
10458
10459
10460
10461
10462
10463
10476
10477
10478
10479
1048
10480
10481
10482
10483
10485
10486
10487
10488
10489
10490
10491
10492
10493
10495
10496
10498
10499
10501
10504
1051
10511
10515
10522
10525
1053
10530
10532
10533
10534
10535
10541
10542
10543
10544
10545
10546
10547
10548
10550
10551
10552
10553
10554
10555
10556
10557
10558
10559
10560
10561
10562
10563
10564
10565
10566
10567
10568
10569
10570
10571
10572
10573
10574
10575
10576
10577
10578
10579
10581
10583
10584
10585
10586
10588
10589
1059
10590
10592
10593
10594
10595
10597
10598
10599
10600
10601
10602
10603
10604
10605
10606
10608
10610
10612
10613
10614
10615
10617
10618
10620
10621
10623
10624
10625
10626
10628
10631
10632
10633
10634
10635
10636
10637
10638
10639
10640
10642
10643
10644
10657
10660
10670
10672
10677
10678
10682
10686
10687
10688
10689
10690
10691
10692
10693
10697
10698
10700
10701
10702
10708
10710
10711
10712
10715
10716
10717
10718
10719
10720
10723
10728
10730
10731
10732
10733
10734
10735
10736
10738
10739
10743
10744
10745
10746
10747
10748
10749
10750
10751
10752
10753
10754
10755
10756
10757
10758
10759
10762
10764
10765
10767
10769
10770
10771
10772
10773
10774
10775
10776
10777
10778
10779
10780
10783
10784
10785
10786
10787
10788
10789
10790
10791
10792
10793
10794
10795
10796
10797
10798
10799
10800
10801
10804
10806
10807
10813
10815
10819
1082
10820
10821
10855
10856
10857
10860
10861
10862
10863
10864
10865
10866
10867
10868
10869
10870
10872
10875
10878
10879
10880
10882
10883
10885
10886
10887
10889
1089
10890
10892
10893
10894
10895
10896
10897
10898
10899
10903
10907
10908
10909
1091
10910
10911
10912
10913
10914
10916
10917
10918
10919
10920
10921
10922
10923
10925
10926
10927
10928
10929
1093
10930
10931
10932
10934
10936
10937
10939
1094
10942
10943
10946
10947
10948
10949
10950
10951
10952
10953
10956
10957
10958
10960
10961
10971
10972
10973
10974
10975
10976
10977
10978
10979
10981
10983
10985
10986
10987
10988
10989
10990
10992
10993
10994
10995
10997
10998
10999
11000
11001
11002
11003
11004
11005
11006
11007
11008
11009
11010
11011
11012
11015
11016
11017
11018
11019
11020
11021
11022
11023
11024
11025
11026
11027
11028
11029
1103
11030
11031
11032
11033
11034
11035
11036
11037
11038
11039
11040
11041
11042
11043
11044
11045
11046
11047
11048
11049
11050
11052
11053
11054
11055
11056
11057
11058
11060
11061
11062
11063
11064
11065
11066
11070
11071
11073
11074
11075
11076
11077
11078
11079
11080
11081
11082
11084
11087
11088
11089
11090
11091
11092
11093
11094
11095
11096
11097
11098
11099
11103
11104
11119
11120
11121
11122
11123
11124
11125
11126
11127
11128
11129
11130
11131
11132
11133
11134
11135
11136
11137
11138
11139
11140
11141
11143
11144
11145
11148
11149
11153
11154
11155
11157
11159
11160
11161
11163
11165
11166
11167
11168
11169
11170
11171
11172
11173
11174
11175
11176
11177
11178
11179
11180
11181
11182
11183
11184
11185
11186
11187
11188
11189
11190
11191
11192
11194
11195
11196
11197
1120
11206
11208
11209
11210
11211
11212
11213
11214
11215
11216
11217
11218
11219
11220
11221
11222
11223
11224
11225
11226
11227
11228
11230
11231
11232
11233
11234
11235
11236
11237
11238
11239
11243
11244
11245
11246
11247
11248
11249
11250
11251
11252
11253
11254
11256
11258
11259
11261
11263
11264
11265
11267
11268
11269
1127
11271
11280
11282
11283
11284
11285
11286
11291
11292
11293
11295
11296
11297
11298
11300
11301
11302
11303
11306
11307
11308
11310
11312
11313
11315
11318
11319
11320
11321
11322
11323
11332
11333
11334
11335
11336
11337
11339
11340
11341
11342
11343
1135
11354
11355
11358
11359
11364
11365
11366
11367
11370
11371
11372
11373
11374
11375
11377
11378
1138
11380
11381
11382
11383
11385
11386
11387
11388
11389
11390
11391
11392
11393
11394
11395
11396
11397
11398
11399
11400
11402
11403
11404
11405
11407
11408
11409
1141
11410
11411
11412
11413
11414
11415
11416
11417
11418
11419
1142
11420
11422
11423
11424
11425
11426
11427
11428
11429
11430
11431
11432
11433
11434
11435
11436
11437
11439
11440
11441
11442
11443
11444
11445
11446
11447
11448
11449
11450
11451
11452
11453
11454
11455
11456
11457
11458
11459
11460
11461
11462
11463
11465
11466
11467
11473
11474
11475
11476
11477
11478
11479
11480
11481
11482
11483
11484
11485
11486
11487
11488
11489
11490
11492
11493
11494
11495
11496
11497
11498
11499
11500
11501
11504
11505
11506
11508
11512
11513
11514
11515
11516
11517
11518
11520
11521
11522
11523
11524
11525
11527
11528
11529
11530
11531
11532
11533
11534
11535
11536
11537
11538
11539
11540
11541
11542
11543
11546
11547
11548
11550
11551
11552
11553
11554
11555
11556
11557
11558
11559
11560
11561
11562
11563
11564
11565
11566
11567
11568
11569
11570
11572
11573
11574
11575
11576
11577
11578
11579
11585
11586
11587
11588
11589
11590
11591
11592
11593
11594
11599
11601
11602
11603
11604
11605
11606
11607
11608
11609
11610
11611
11612
11613
11614
11615
11616
11617
11618
11619
11620
11621
11622
11623
11624
11625
11626
11629
11632
11633
11634
11635
11636
11637
11639
11643
11645
11646
11648
11649
11650
11651
11654
11655
11656
11657
11658
11659
11660
11661
11662
11664
11665
11666
11667
11673
11674
11675
11676
11677
11678
11679
11680
11681
11682
11683
11684
11685
11686
11687
11688
11689
11690
11691
11692
11693
11694
11696
11697
11699
11700
11703
11704
11705
11706
11707
11708
11709
11710
11711
11712
11713
11714
11715
11716
11717
11719
11720
11732
11746
11751
11755
11756
11758
11771
11773
11774
11775
11777
11778
11779
11780
11781
11782
11783
11798
11800
11802
11803
11806
11813
11816
11818
11819
11820
11822
11823
11824
11825
11826
11827
11828
11831
11832
11841
11843
11844
11845
11846
11847
11848
11849
11850
11851
11852
11853
11854
11855
11856
11858
11859
11860
11861
11862
11863
11864
11865
11866
11867
11870
11871
11872
11873
11874
11875
11876
11877
11878
11879
11880
11881
11882
11883
11884
11885
11887
11920
11921
11922
11923
11924
11925
11926
11927
11930
11933
11934
11935
11936
11937
11938
11973
11974
11975
11977
11978
11986
11990
11991
11992
11993
11994
11995
11996
11997
11999
12000
12001
12002
12003
12004
12006
12007
12008
12009
1201
12010
12011
12013
12014
12021
12022
12023
12024
12026
12030
12031
12032
12034
12035
12036
12037
12038
12039
12040
12041
12044
12045
12046
12047
12048
12050
12052
12053
12054
12055
12056
12058
12060
12069
12072
12073
12087
12088
12089
12090
12091
12093
12094
12095
12096
12097
12098
12100
12101
12102
12103
12104
12105
12106
12107
12108
12109
12110
12111
12112
12114
12115
12116
12117
12119
12120
12121
12122
12123
12124
12125
12126
12128
12134
12136
12144
12147
12148
12149
12150
12151
12152
12153
12154
12155
12156
12157
12158
12159
12160
12161
12162
12163
12164
12165
12166
12167
12168
12169
12170
12171
12172
12173
12174
12175
12177
12178
12179
12180
12181
12182
12183
12184
12185
12186
12187
12188
12189
12190
12193
12194
12196
12197
12198
12199
12200
12201
12202
12203
12204
12205
12206
12207
12209
12210
12211
12212
12213
12214
12215
12216
12217
12218
12219
12220
12221
12222
12223
12224
12225
12226
12227
12228
12229
12230
12231
12232
12233
12234
12235
12236
12237
12238
12239
12240
12241
12242
12243
12244
12246
12247
12248
12249
12250
12251
12252
12253
12254
12255
12256
12257
12283
12324
12326
12327
12328
12330
12331
12333
12334
12386
12397
12418
1248
12506
12507
12508
12518
1254
1255
1256
12590
12591
12592
12596
12598
12599
12600
12601
12603
12604
12605
12606
12607
12608
12609
12610
12611
12613
12614
12615
12616
12618
12620
12621
12623
12625
12627
12633
12635
12637
12638
12641
12642
12643
12644
12645
12646
12647
12650
12652
12653
1280
1329
1332
1338
1342
1343
1345
1347
1348
1350
1370
1374
1376
1380
1383
1386
1419
1440
1460
1463
1466
1472
1476
1486
1493
1494
1497
1504
1535
1543
1550
1551
1556
1557
1558
1570
1578
1579
1580
1581
1587
1595
1598
1602
1603
1633
1649
1650
1668
1703
1704
1725
1790
1799
1800
1819
1865
1887
1888
1919
2037
2058
2078
2137
2142
2152
2161
2210
2256
2277
2463
4241
4243
4247
4249
4259
4274
4278
4279
4280
4294
4296
4303
4304
4305
4307
4308
4309
4350
4355
4356
4357
4358
4363
4364
4369
4370
4375
4376
4378
4382
4395
4396
4397
4410
4411
4412
4414
4415
4416
4417
4419
4421
4425
4430
4434
4435
4437
4438
4440
4442
4445
4446
4447
4448
4453
4454
4455
4456
4457
4458
4459
4462
4463
4464
4468
4473
4474
4507
4513
4517
4518
4519
4521
4522
4523
4524
4526
4527
4528
4529
4530
4531
4533
4535
4538
4539
4542
4543
4544
4545
4546
4547
4548
4550
4551
4552
4553
4554
4556
4557
4558
4559
4560
4561
4562
4564
4565
4570
4571
4572
4574
4576
4577
4579
4580
4581
4582
4583
4584
4585
4586
4588
4589
4590
4591
4592
4593
4594
4595
4597
4598
4600
4601
4602
4603
4604
4605
4606
4609
4611
4614
4615
4618
4619
4621
4637
4638
4657
4658
4659
4666
4679
4683
4684
4685
4689
4693
4696
4697
4699
4700
4702
4703
4709
4712
4714
4717
4718
4721
4722
4723
4724
4725
4726
4729
4730
4732
4735
4736
4737
4740
4741
4743
4744
4745
4746
4747
4748
4749
4750
4751
4752
4753
4754
4755
4756
4789
4790
4800
4802
4803
4804
4806
4807
4808
4847
4849
4856
4860
4861
4862
4863
4868
4869
4871
4872
4874
4875
4876
4878
4879
4881
4883
4885
4886
4887
4888
4889
4892
4893
4894
4896
4897
4898
4899
4901
4902
4903
4904
4905
4906
4907
4917
4919
4920
4921
4922
4925
4926
4931
4932
4933
4934
4935
4936
4940
4941
4943
4953
4956
4957
4959
4960
4962
4964
4965
4967
4968
4995
4996
4998
5000
5001
5002
5003
5005
5006
5007
5008
5009
5010
5011
5012
5013
5014
5015
5016
5017
5018
5020
5021
5030
5031
5033
5040
5041
5043
5044
5046
5047
5048
5049
5050
5051
5052
5054
5055
5056
5057
5058
5119
5120
5128
5129
5137
5145
5147
5149
5153
5154
5155
5156
5158
5159
5160
5161
5162
5163
5164
5165
5166
5169
5172
5173
5174
5176
5177
5178
5180
5183
5184
5186
5187
5188
5189
5190
5192
5193
5194
5195
5196
5197
5198
5200
5201
5202
5203
5204
5205
5207
5208
5209
5210
5212
5219
5221
5222
5223
5225
5226
5227
5230
5231
5232
5233
5235
5237
5238
5239
5240
5242
5243
5244
5245
5247
5248
5249
5250
5251
5258
5259
5261
5262
5264
5265
5266
5267
5268
5269
5270
5271
5314
5315
5316
5317
5319
5320
5321
5322
5323
5349
5350
5351
5352
5353
5354
5355
5356
5357
5358
5359
5360
5361
5362
5363
5365
5389
5390
5391
5392
5393
5394
5395
5396
5397
5398
5399
5400
5401
5402
5403
5404
5405
5406
5407
5408
5409
5410
5411
5412
5413
5414
5415
5417
5454
5455
5456
5457
5458
5459
5460
5462
5463
5464
5465
5466
5467
5468
5469
5470
5471
5472
5473
5474
5475
5476
5477
5478
5479
5480
5486
5487
5488
5489
5490
5491
5496
5497
5498
5500
5501
5502
5504
5506
5518
5521
5526
5529
5531
5533
5534
5536
5537
5540
5541
5542
5543
5544
5545
5547
5548
5550
5551
5553
5554
5555
5556
5557
5558
5559
5560
5561
5566
5567
5568
5570
5571
5572
5573
5575
5576
5577
5578
5579
5580
5581
5582
5583
5584
5585
5586
5587
5588
5589
5590
5593
5594
5595
5596
5597
5598
5599
560
5602
5603
5604
5605
5606
5607
5609
561
5611
5613
5615
5617
5619
562
5620
5629
5630
5631
5633
5636
5637
5638
5639
564
5640
5641
5642
5643
5644
5645
5648
5653
5656
5660
5661
5662
5663
5664
5666
5672
5673
5674
5675
5677
5682
5684
5685
5687
5688
5689
5690
5691
5692
5693
5694
5696
5697
5699
5701
5702
5704
5705
5706
5707
5708
5709
5710
5712
5713
5715
5718
5719
572
573
5731
5732
5733
5734
5736
5738
5739
5740
5742
5743
5745
5746
5747
5748
5749
5750
5751
5752
5753
5754
5755
5756
5758
5760
5761
5762
5763
5764
5766
5767
5771
5772
5773
5774
5775
5778
5779
5816
5820
5827
5828
5830
5831
5833
5835
5837
5842
5843
5844
5845
5846
5848
5849
5850
5851
5852
5853
5854
5880
5882
5883
5888
5889
5891
5893
5894
5900
5909
5910
5911
5914
5915
5916
5918
5920
5922
5923
5925
5926
5929
5930
5931
5932
5933
5934
5935
5936
5939
5940
5941
5945
5947
5948
5950
5951
5952
5953
5954
5955
5956
5957
5958
5960
5961
5963
5964
5965
5971
5972
5975
5976
5977
5978
5980
5981
5982
5983
5990
5991
5992
5998
6000
6001
6002
6010
6014
6015
6018
604
6043
6044
6045
6046
6047
6048
6049
6050
6051
6052
6054
6055
6056
6057
6059
606
6060
6061
6062
6063
6064
6065
6066
6067
6068
6069
6071
6073
6074
6075
6076
6077
6078
6079
6083
6084
6085
6087
6088
6089
609
6091
6098
6099
6101
6102
6103
6104
6105
6107
6109
6111
6112
6113
6115
6116
6117
6119
6121
6126
6128
6129
613
6131
6132
6133
6134
6135
6136
6137
6138
6139
6140
6141
6157
6166
6167
6168
6169
6170
6171
6172
6173
6174
6175
6176
6178
6199
6200
6201
6204
6205
6206
6207
6210
6215
6216
6217
6218
6219
622
6220
6221
6222
6223
6224
6226
6229
6233
6234
6235
6236
6237
6238
6241
6242
6248
6249
625
6250
6254
6257
626
6260
6261
6262
6263
6265
6266
6268
6269
627
6270
6272
6273
6275
6276
6277
6278
6279
6284
6285
6288
6289
6294
6303
6304
6305
6308
6309
631
6310
6313
6314
6315
6321
6322
6323
6326
6333
6334
6338
6339
634
6346
6347
6348
6349
6350
6351
6352
6354
6355
6356
6357
6358
6359
6360
6361
6362
6363
6368
637
6373
6374
6375
6376
6379
6380
6381
6382
6383
639
640
6407
6408
6411
642
6420
6421
6422
6423
6424
6425
6427
6428
6429
6431
6432
6433
6434
6435
6436
6440
6441
6442
6443
6445
6446
6452
6454
6470
6471
6472
6473
6474
6476
6482
649
6499
6502
6503
6504
6505
6507
6508
6509
6510
6511
6512
6513
6515
6516
6517
652
6520
6521
6522
6524
6525
6526
6527
6528
6529
6530
6531
6533
6543
6544
6546
6551
6552
6554
6555
6556
6557
6558
656
657
6570
6571
6573
6574
6575
6576
6578
6579
658
6580
6581
6582
6586
6587
6592
6593
6594
6596
6597
6601
6602
6604
6605
6606
6612
6613
6615
6616
6617
6618
6619
6625
6627
6628
6629
6630
6631
6634
6636
6637
6639
6640
6641
6642
6646
6647
6658
6659
6662
6663
6664
6665
6666
6673
6674
6677
6679
668
6680
6683
6684
6685
6687
6688
6689
6690
6691
6692
6693
6694
6695
6696
6697
6698
6699
6700
6717
6718
6719
6720
6723
6724
6725
6726
6727
6728
6729
6730
6731
6732
6734
6736
6737
6742
6744
6752
6753
6754
6755
6756
6757
6758
6759
6760
6761
6762
6763
6765
6766
6767
677
6774
6776
6778
6780
6782
6783
6786
6787
679
6790
6791
6792
6796
6797
6798
6799
6800
6801
6802
6803
6804
6805
6806
6808
6809
681
6810
6812
6813
6814
6815
6816
6817
6818
6819
6820
6822
6823
6825
6826
6827
6828
6829
6830
6835
6836
6837
6838
6841
6842
6843
6844
6845
6846
6847
6848
6849
6850
6851
6853
6857
6859
6860
6862
6863
6865
6866
6867
6868
6870
6871
6872
6873
6874
6875
6876
6877
6878
6879
6882
6883
6887
6904
6906
6908
691
6913
6926
6936
6937
6938
6939
6940
6943
6945
6957
696
6974
6976
6999
700
7000
7002
7004
7005
7007
7008
7009
7012
7013
7014
7016
7017
7019
7020
706
7065
7068
7070
7071
7073
7075
7076
7077
7085
7090
7091
7093
7097
7099
7101
7106
7107
7109
7110
7111
7112
7114
7115
7116
7119
7156
7158
7159
7163
7164
7166
7167
7168
7172
7173
7175
7176
7178
7179
7180
7184
7187
7189
719
7198
7200
7201
7202
7208
7209
7210
7219
7220
7265
7266
7267
7268
7269
7271
7272
728
7287
7289
7290
7308
7309
7327
7331
7332
7335
7336
7337
7338
7339
734
7344
7345
7346
7347
7348
7349
7350
7351
7352
7353
7354
7355
7356
7357
7358
7359
7360
7362
7363
7364
7368
7369
7371
7373
7374
7375
7376
7377
7379
7384
7385
7386
7387
7388
7391
7392
7393
7397
7398
7401
7402
7403
7406
7407
7408
741
7410
7411
7412
7413
7414
7415
7418
7419
7425
7426
7427
7428
7429
743
7432
7433
7434
7435
7436
7438
7442
7443
7448
7449
745
7474
7479
7483
7484
7485
7486
7489
7491
7493
7495
7496
7498
7508
7509
751
7510
7511
7512
7513
7514
7515
7516
7517
7518
7521
7523
7525
7529
753
7531
7534
7535
7536
7537
7546
7547
7550
7551
7552
7555
7559
756
7560
7561
7564
7565
7566
7567
7568
7569
757
7571
7573
7574
7578
7581
7582
7583
7585
7587
7588
7589
7590
7591
7592
7593
7599
7600
7601
7602
7603
7606
7607
7608
762
763
7639
7640
7641
7642
7643
7644
7645
7646
7647
7648
7649
7650
7652
7653
7654
7655
7657
7658
7659
7672
7674
7675
7676
7677
7678
7679
7680
7682
7683
7684
7686
7688
7690
7691
7693
7694
7695
7698
7699
7703
7707
7709
7712
7713
7714
7715
7716
7717
7718
7719
7720
7722
7723
7724
7725
7726
7727
7728
7742
7743
7744
7745
7747
7748
7749
7750
7751
7756
7758
7759
776
7760
7761
7763
7764
7765
7766
7767
7768
7769
7770
7771
7773
7774
7775
7776
7777
7778
7779
7781
7782
7784
7786
7787
7789
779
7790
7791
7792
7793
7794
7795
7799
7800
7801
7802
7804
7805
7807
7811
7812
7813
7814
7815
7816
7819
7820
7821
7827
7828
7829
7830
7831
7832
7835
7836
7837
7838
7839
7840
7843
7844
7845
7846
7849
7850
7857
7858
7859
7860
7861
7862
7863
7864
7865
7866
7869
7870
7871
7872
7873
7875
7876
7877
7878
7880
7881
7882
7883
7884
7885
7887
7888
7889
7891
7892
7893
7894
7895
7896
7897
7899
7903
7904
7906
7907
7908
7914
7915
7916
7918
7920
7923
7925
7926
7931
7932
7937
794
7949
7950
7951
7952
7954
7955
7959
7960
7961
7963
7965
7968
7969
797
7970
7971
7974
7975
7976
7977
7979
7980
7981
7982
7983
7984
7986
8005
8006
8007
8008
8010
8011
8012
8013
8016
8017
8018
8021
8022
8029
8030
8033
8035
8036
8038
8039
8040
8046
8049
8050
8052
8054
8056
8058
8059
8060
8061
8063
8065
8069
8071
8072
8074
8078
8079
8085
8087
8089
8090
8091
8092
8096
8097
8098
8099
8101
8113
8114
8117
8118
8119
8124
8131
8133
8135
8136
8138
8139
8140
8141
8143
8144
8145
8146
8147
8148
8152
8153
8154
8155
8156
8157
8158
8159
816
8167
8168
8171
8172
8173
8175
8176
8177
8178
8179
8181
8183
8184
8186
8187
8188
8189
8190
8191
8192
8193
8194
8195
8196
8197
8198
8199
8200
8202
8203
8204
8205
8206
8207
8208
8209
8210
8211
8212
8213
8216
8218
8220
8231
8236
8238
8239
8240
8241
8242
8243
8244
8245
8246
8247
8249
8250
8252
8253
8254
8255
8256
8263
8266
8270
8271
8281
8282
8283
8286
8290
8291
8293
8294
8296
8298
8299
8300
8301
8305
8307
8308
8310
8311
8312
8315
8317
8319
832
833
8350
8354
8357
8358
8360
8361
8362
8363
8364
8365
8368
837
8374
8379
8380
8381
8383
8387
8390
8391
8395
8397
8398
8399
840
8400
8401
8402
8403
8404
8408
8409
8410
8417
8418
8419
8420
8421
8422
8424
8425
8426
8427
8428
843
8441
8445
8446
8447
845
8452
8453
8454
8455
8456
8458
8459
8460
8461
8463
8465
8466
8467
8468
8469
8470
8472
8476
8483
8484
8485
8486
8487
8488
8490
8491
8492
8493
8494
8497
8498
8499
850
8501
8502
8503
8505
8506
8507
8508
8509
851
8510
8517
8518
852
8529
8534
8536
8537
8538
8539
8540
8542
8543
8544
8546
8548
8549
855
8550
8551
8552
8553
8554
8556
8557
8558
8559
856
8560
8561
8562
8563
8564
8565
8566
8567
8568
8569
8570
8571
8572
8573
8574
8575
8576
8577
8578
8579
858
8580
8581
8582
8583
8584
8586
8587
8588
8589
8590
8593
8595
8596
8597
8598
8599
8600
8601
8602
8603
8604
8606
8607
8609
8610
8611
8612
8613
8615
8617
8618
8619
862
8620
8621
8622
8623
8624
8625
8626
8627
8628
8629
8632
8633
8634
8635
8637
8638
8641
8642
8643
8644
8646
8651
8652
8654
8655
8657
8658
8660
8664
8666
8670
8671
8672
8673
8674
8678
8679
8680
8682
8683
8684
8685
8686
8687
8688
8689
8690
8691
8692
8694
8695
8696
8697
8698
8699
8700
8701
8702
8703
8704
8705
8708
8709
8710
8711
8712
8713
8714
8715
8717
8718
8719
8720
8721
8722
8723
8724
8725
8726
8727
8728
8729
8730
8731
8732
8733
8735
8736
8742
8744
8745
8748
8749
8751
8752
8753
8754
8755
8759
876
8760
8761
8766
8767
8768
8769
8770
8771
8772
8773
8774
8775
8776
8777
8778
8779
8780
8781
8782
8783
8784
8785
8786
8787
8788
8789
8790
8791
8792
8799
8802
8827
8828
8829
8830
8831
8832
8833
8834
8835
8836
8837
8838
8839
8840
8841
8842
8843
8844
8845
8851
8854
8855
8856
8857
8859
8861
8862
8863
8865
8866
8869
8870
8871
8872
8873
8874
8875
8876
8885
8886
8888
8889
8890
8891
8895
8896
8897
8898
8900
8905
8909
8910
8912
8913
8914
8915
8917
8919
8920
8921
8922
8923
8924
8925
8926
8927
8928
8929
893
8930
8931
8932
8933
8934
8938
8939
8940
8941
8942
8943
8944
8946
8948
8949
8950
8951
8953
8954
8955
8957
8958
8959
8962
8963
8964
8965
8966
8967
8968
8969
8971
8972
8973
8974
8975
8976
8977
8978
8980
8981
8982
8983
8984
8985
8987
8989
8991
8992
8993
8994
8995
8996
8997
8998
8999
9001
9011
9012
9013
9014
9015
9016
9017
9023
9024
9025
9026
9027
9030
9032
9038
9040
9041
9042
9043
9044
9045
9046
9048
9050
9051
9052
9053
9054
9055
9056
9057
9059
9060
9061
9062
9063
9064
9070
9071
9072
9073
9074
9075
9076
9077
9078
9079
9080
9082
9083
9085
9086
9087
9088
9089
9090
9092
9093
9096
9097
9098
9099
9101
9102
9109
9110
9111
9112
9113
9114
9115
9116
9117
9118
9119
9120
9121
9122
9123
9124
9125
9126
9127
9128
9129
9130
9131
9132
9133
9134
9136
9137
9139
9140
9141
9142
9143
9144
9145
9146
9147
9148
9149
915
9150
9151
9152
9153
9154
9155
9156
9157
9158
9159
9160
9161
9162
9163
9164
9165
9166
9167
9168
9169
9170
9171
9172
9173
9174
9175
9176
9177
9178
9179
9180
9181
9182
9183
9187
9188
9189
9190
9191
9192
9193
9194
9195
9197
9198
9199
9200
9201
9203
9204
9205
9206
9207
9208
9209
921
9210
9213
9214
9215
9216
9217
9219
9221
9222
9223
9224
9225
9226
9227
9235
9236
9237
9238
9239
9240
9241
9242
9243
9244
9245
9246
9247
9248
9249
9250
9251
9252
9254
9256
9257
9258
9259
9260
9261
9263
9265
9266
9267
9268
9269
9270
9271
9273
9274
9275
9277
9282
9283
9284
9286
9287
9288
9289
9290
9291
9295
9297
9299
930
9300
9301
9302
9303
9304
9306
9307
9308
9309
9310
9311
9312
9313
9314
9327
9328
9329
9330
9331
9332
9333
9334
9338
9339
9340
9341
9342
9343
9344
9346
9347
9348
9349
9350
9351
9352
9353
9354
9355
9357
9358
9360
9361
9362
9363
9364
9365
9366
9371
9372
9374
9375
9376
9377
9378
9379
938
9380
9381
9382
9389
939
9390
9393
9394
9395
9397
9399
9400
9402
9403
9405
9406
9407
9408
9409
941
9412
9413
9414
9417
9418
9419
9424
9425
9426
9429
9430
9431
9432
9433
9434
9437
9439
9440
9441
9443
9446
9447
9450
9454
9455
9457
9459
946
9462
9465
9466
9467
9469
9472
9473
9474
9476
9477
9478
9479
9480
9481
9482
9483
9484
9486
9488
9489
9490
9491
9492
9493
9494
9495
950
9504
9505
9510
9512
9513
9514
9515
9518
9519
952
9520
9521
9522
9523
9524
9525
9526
9527
9528
9531
9533
9535
9537
9538
9540
9542
9544
9545
9546
9547
9559
9560
9561
9586
9587
9588
9589
959
9590
9592
9593
9594
9595
9596
9597
9598
9599
9605
9606
9607
9608
9609
9611
9612
9613
9614
9615
9616
9618
9621
9622
9624
9625
9626
9629
9630
9631
9632
9633
9634
9635
9636
9638
9639
9640
9643
9644
9645
9646
9647
9648
9649
965
9650
9651
9654
9655
9656
9657
9658
9659
9661
9662
9663
9664
9665
9666
9668
9669
9670
9672
9673
9674
9675
9676
9677
9678
9679
9680
9681
9682
9683
9684
9685
9686
9688
9689
9690
9691
9693
9694
9695
9696
9697
9698
9699
9700
9701
9703
9705
9706
9707
9708
9709
9715
9717
9718
9719
9720
9721
9722
9723
9725
9726
9727
9728
9729
9730
9731
9732
9733
9735
9736
9737
9738
9740
9741
9742
9743
9744
9745
9749
9760
9762
9763
9784
9788
9789
9791
9793
9794
9795
9796
9797
9798
9800
9801
9802
9806
9809
981
9811
9812
9814
9815
9816
9817
9818
9819
9820
9821
9822
9823
9824
9825
9826
9827
9828
9829
9830
9831
9834
9839
984
9840
9841
9842
9843
9844
9845
9849
9850
9851
9852
9854
9858
9859
9860
9861
9862
9864
9865
9866
9867
9868
9869
9870
9871
9872
9873
9874
9876
9877
9878
9879
9880
9882
9883
9886
9887
9888
9889
9890
9891
9892
9895
9906
9907
9908
9909
9910
9914
9915
9916
9917
9918
9926
9927
9928
9929
9931
9932
9933
9937
9938
9939
9940
9941
9942
9943
9944
9945
9946
9947
9948
9949
9950
9951
9952
9953
9954
9958
9959
9960
9961
9962
9963
9965
9966
9967
9968
9969
997
9970
9971
9972
9973
9974
9975
9980
9981
9982
9983
9985
9986
9987
9988
9989
999
9991
9992
9993
9994
9995
9996
9997
9998
9999